Topic 0:
	wife : 0.0152863626468
	fish : 0.0099226002895
	good : 0.00954199829614
	great : 0.00827633736237
	fisherman : 0.0082689181457
	man : 0.00791421342817
	hans : 0.00780299950006
	king : 0.00743179215288
	head : 0.00632199756135
	day : 0.0062233544455
	cow : 0.00592937259583
	thought : 0.00591989761671
	live : 0.00557804856009
	home : 0.0054547945644
	pig : 0.00520760903369
	ass : 0.00517031608338
	god : 0.00496135088901
	long : 0.00486568443211
	time : 0.00472773589642
	wrong : 0.00463070003616
Topic 1:
	bird : 0.00964974685144
	sparrow : 0.0093051143981
	horse : 0.00915416682183
	king : 0.00914346169321
	golden : 0.00912223385572
	fox : 0.00896047865932
	princess : 0.00888923078839
	tco : 0.00861584729176
	twitter : 0.00758582160833
	url : 0.00723731172507
	fell : 0.00666485172153
	castle : 0.00664331922092
	beautiful : 0.00662946993946
	sat : 0.00642046501259
	son : 0.00620177478958
	hand : 0.00605943666641
	carter : 0.00585877564719
	night : 0.00572277232663
	began : 0.00566751360941
	cried : 0.00549085121514
